00000000000000000000000000010000000000000000000000000000000000000000000000000000
00000000000000000000000001010000000000000000000000000000000000000000000000000000
00000000000000011000000110000000000001100000000000000000000000000000000000000000
00000000000000100010000110000000000001100000000000000000000000000000000000000000
00011000000001000001000110000000001000000000000000000000000000000000000000000000
00011000000001000101100001010000111100000000000000000000000000000000000000000000
00000000000001000001000000010000100000000000000000000000000110000000000000000000
00000000000000100010000000000000110000000000000000000000110000110100000000000000
00000000000000011000000000000000101000000000000000000000100100011000110000000000
00000000000000000000000000100000000000000000000000000011001000001100000000000000
00000000000000000000000000011000000000000000000000000000001000011000000000000000
00000000000000000000000000110000000000000000000000000000011000001000000000000000
00000000000000000000000000000000000000000000000000000000000000011100000000000000
00000000000000000000000000000000001100000010001000000000000110010000000000000000
00000000000000000000000010000000000000000110001000000000000000110000000000000000
00000000000000000000001010000000000000000001011000000000000000000000000000000000
00000000000011000000111111111110001100000001110000000000000000000000000000000000
00000000000100010000110111100000110000011000000011110000000000000000000000000000
11000000001000001000110000011100001111000000000000000000000000000000000000000000
11000000001000101100001010111111111000000000000000000000000000000000000000000000
00000000001000001000110010000000000000000000000000000000000000000000000000000000
00000000000100010000110000000000000000000000000000000000000000000000000000000000
00000000000011000000101010100000000000000000000000000000000000000000000000000000
00000000000000000000000000000000000000000000000000000000000000000000000000000000