00000000000000000000000000000000000000000000000000000000000000000000000000000000
01000000000000000000000000000000000000000000000000000000000000000010100000000000
01110000000000000000000000000000000000000000000000000000000000000010100000000000
00110000000000000000000000000000000000000000000000000000000000000011100000000000
01110000000000000000000000000000000000000000000000000000000000000001000000000000
01000000000000000000000000000000000000001100000000000000000000000000000000000000
00000000000000000000000000000000000000010010000000000000000000000000000000000000
00000000011100000000000000000000000000010010000000000000000000000000000000000000
00000000011100000000000000000000000001111111100000000000000000111000111000000000
00000000011100000000000000000000000010011110010000000000000000110101011000000000
00000000000011100000000000000000000010111111010000000000000000000101000000000000
00000000000011100000000000000000000001011110100000000000000000000000000000000000
00000000000011100000000000000000000000110011000000000000000000001101100000000000
00000000000000000000000000000000000000010010000000000000000000000000000000000000
00000000001001000000000000000000000000010010000000000000000000000000000000000000
00000000000000100000000000000000000000001100000000000000000000000000000000000000
00000000001000100000000000000001110000000000000000000000000011100000000000000000
00000000000111100000100000000001001000000000000000000000000011100000000000000000
00000000000000000000101000000001000000000000000000000000000110000000000001000000
00000000000000000000110000000001000000000000000000000000000000000000000111000000
00000100001000000000000000000001000000000000000000000000000000000000000110000000
00011011110110000000000000000001000000000000000000000000000000000000000110000000
00000100001000000000000000000000100000000000000000000000000000000000000000000000
00000000000000000000000000000000000000000000000000000000000000000000000000000000