00000000000000000000000000000000000000010000000000000000000000000000000000000000
00000000000100000100000000011000000000000000000000000000000000000000000000000000
00000000000100000100000000010000000000000000000000000000000000000000011000000000
00000000000110001100000000000010000000000000000000000000000000000000101000000000
00000000000000000000000000000110000000000000000000000000000000000000000100000000
00000001110011011001110000000000000000010000010000010000000000000000000110000000
00000000010101010101000000000000000000111000111000111000000000000000000000000000
00000000000110001100000000000000000000000000000000000000000000000000000000000000
00000000000000000000000000000000000000000000000000000000000000000000000000000000
00000000000110001100000000000000000000000000000000000000000000000000000000000000
00000000010101010101000000000000000000000000000000000000000000000000000000000000
00000001110011011001110000000000000000000000010001000000000000000000000000000000
00000000000000000000000000000000000000000001110001000000000000000000000000000000
00000000000110001100000000000000000000000110000011000000000000000000010111010000
00000000000100000100000000000000000000000110000011000000000000000000001010100100
00000000000100000100000000000000000000011000011110000000000000000000101110011000
00000000000000000000000000000000000000000000000000000000000000000000010111110100
00000000000000000000000000000000000000000000000000000000000000000000100100111100
00000000000000000000000000000000000000000000000000000000000000000000111100100100
00000000000000000000000000000000000001101000000000000000000000000000101111101000
00000000000000110000000000000000000001101110000000000000000011000000011001110100
00000011011001001000000000000000000000000001000000000000000001000000100101010000
00000011011001001000000000000000000001101110000000000000000010000000001011101000
00000000000000110000000000000000000000101000000000000000010100000000000000000000
00000000000000000000000000000000000000101000000000000000011000000000000000000000
