00000000000000000000000000000000000000000000000000000100000000000000000000000000
00000000000000000000000000000000000000000000000000000101000000000000000000000000
00000000000000000001000000000000000000000101000000000110000000000000000000000000
00000000000000000001010000000000000000000110000000000000000000000000000000000000
00000000000000000001100000010100000000000010000000000000000000000000000000000000
00000000000000000000000000011000000000000000000000000000000000000000000000000000
00000000000000000000000000001000000000000000000000000000000000000000000000000000
00000000000000000000000000000000000001000000001000000000000000000000000000000000
00000000000000000000000000000110101010110000110101011001110000000000000000000000
00000000000000000000000000001101011100000000000111010111000000000000000000000000
00000000000000000000011100001001010000000111000000001011000000000000000000000000
00000000000000000000010000000001010000000010100010000010000000000000000000000000
00000000000000000000001000001101100000000110000110000001100000000000000000000000
00000000000000000000000000001110001000000110000101000001100000000000000000000000
00000000000000000000000000001100111000011000000000000110000000000000000000000000
00000000000000000000000000000000010100010100000000000100000000000000000000000000
00000000000000000000000000000000000000010000000000000000000000000000000000000000
00000000000000000000000000000000000000000000000000000000001100000000000000000000
00000000000000000000000000000000000000000000000000000000001010000000000000000000
00000000000000000000000000000000000000000000000000000000001000000000000000000000
00000000000000000000000000000000000000000000000000000000000000000000000000000000
00000000000000000000000000000000000000000000000000000000000000000000000000000000
00000000000000000000000000000000000000000000000111000000000000000000000000000000
00000000000000000000000000000000000000000000000100000000000000000000000000000000
00000000000000000000000000000000000000000000000010000000000000000000000000000000